{
  "instance" : "A-n37-k6",
  "optimum" : 949.0,
  "parameters" : {
    "max-iter" : 100,
    "num-elite-ants" : 6,
    "beta" : 2,
    "pertubation-ratio" : 0.7,
    "lambda" : 0.95,
    "initial-temperature" : 5.0,
    "sa-max-tries" : 250,
    "initial-trail" : 0.5,
    "max-best-so-far-not-improved" : 5,
    "num-ants" : 37,
    "max-runtime" : 600,
    "max-best-unchanged" : 37,
    "evaporation-rate" : 0.9,
    "tabu-size" : 3,
    "alpha" : 1
  },
  "solution" : {
    "tour" : [ 0, 7, 16, 24, 29, 36, 0, 14, 20, 1, 3, 5, 8, 6, 0, 18, 17, 34, 31, 19, 13, 0, 27, 32, 35, 25, 0, 26, 10, 11, 30, 15, 0, 33, 9, 21, 2, 28, 23, 22, 12, 4, 0 ],
    "cost" : 953.0
  },
  "start" : "13-05-2018 20:10:49",
  "end" : "13-05-2018 20:11:29",
  "elapsed-time" : 40.240200447,
  "dev" : 0.42149631190727077
}