{
  "instance" : "A-n36-k5",
  "optimum" : 799.0,
  "parameters" : {
    "max-iter" : 100,
    "num-elite-ants" : 6,
    "beta" : 2,
    "pertubation-ratio" : 0.7,
    "lambda" : 0.95,
    "initial-temperature" : 5.0,
    "sa-max-tries" : 250,
    "initial-trail" : 0.5,
    "max-best-so-far-not-improved" : 5,
    "num-ants" : 36,
    "max-runtime" : 600,
    "max-best-unchanged" : 36,
    "evaporation-rate" : 0.9,
    "tabu-size" : 3,
    "alpha" : 1
  },
  "solution" : {
    "tour" : [ 0, 15, 8, 35, 2, 23, 12, 25, 11, 0, 20, 34, 14, 9, 5, 0, 26, 7, 10, 0, 28, 6, 3, 4, 19, 31, 33, 29, 13, 1, 16, 0, 24, 21, 22, 32, 17, 30, 18, 27, 0 ],
    "cost" : 826.0
  },
  "start" : "13-05-2018 19:34:33",
  "end" : "13-05-2018 19:35:14",
  "elapsed-time" : 40.333832781,
  "dev" : 3.379224030037547
}