{
  "instance" : "A-n38-k5",
  "optimum" : 730.0,
  "parameters" : {
    "max-iter" : 100,
    "num-elite-ants" : 6,
    "beta" : 2,
    "pertubation-ratio" : 0.7,
    "lambda" : 0.95,
    "initial-temperature" : 5.0,
    "sa-max-tries" : 250,
    "initial-trail" : 0.5,
    "max-best-so-far-not-improved" : 5,
    "num-ants" : 38,
    "max-runtime" : 600,
    "max-best-unchanged" : 38,
    "evaporation-rate" : 0.9,
    "tabu-size" : 3,
    "alpha" : 1
  },
  "solution" : {
    "tour" : [ 0, 10, 30, 12, 3, 1, 4, 16, 25, 6, 0, 9, 8, 33, 35, 23, 26, 21, 0, 28, 31, 37, 34, 29, 19, 18, 0, 24, 22, 27, 11, 5, 7, 0, 20, 32, 15, 13, 36, 17, 2, 14, 0 ],
    "cost" : 737.0
  },
  "start" : "13-05-2018 19:41:46",
  "end" : "13-05-2018 19:42:22",
  "elapsed-time" : 36.588046786,
  "dev" : 0.9589041095890412
}