{
  "instance" : "A-n32-k5",
  "optimum" : 784.0,
  "parameters" : {
    "max-iter" : 100,
    "num-elite-ants" : 6,
    "beta" : 2,
    "pertubation-ratio" : 0.7,
    "lambda" : 0.95,
    "initial-temperature" : 5.0,
    "sa-max-tries" : 250,
    "initial-trail" : 0.5,
    "max-best-so-far-not-improved" : 5,
    "num-ants" : 32,
    "max-runtime" : 600,
    "max-best-unchanged" : 32,
    "evaporation-rate" : 0.9,
    "tabu-size" : 3,
    "alpha" : 1
  },
  "solution" : {
    "tour" : [ 0, 24, 30, 0, 16, 7, 13, 1, 12, 0, 26, 3, 2, 17, 19, 31, 21, 0, 6, 23, 28, 4, 11, 8, 18, 9, 22, 14, 0, 27, 29, 15, 10, 25, 5, 20, 0 ],
    "cost" : 827.0
  },
  "start" : "13-05-2018 19:32:43",
  "end" : "13-05-2018 19:33:21",
  "elapsed-time" : 37.921427307,
  "dev" : 5.48469387755102
}