{
  "instance" : "A-n45-k7",
  "optimum" : 1146.0,
  "parameters" : {
    "max-iter" : 100,
    "num-elite-ants" : 6,
    "beta" : 2,
    "pertubation-ratio" : 0.7,
    "lambda" : 0.95,
    "initial-temperature" : 5.0,
    "sa-max-tries" : 250,
    "initial-trail" : 0.5,
    "max-best-so-far-not-improved" : 5,
    "num-ants" : 45,
    "max-runtime" : 600,
    "max-best-unchanged" : 45,
    "evaporation-rate" : 0.9,
    "tabu-size" : 3,
    "alpha" : 1
  },
  "solution" : {
    "tour" : [ 0, 40, 20, 16, 7, 18, 0, 35, 39, 34, 26, 4, 2, 0, 5, 36, 19, 31, 33, 14, 0, 30, 37, 1, 42, 25, 17, 8, 13, 0, 38, 23, 15, 10, 22, 9, 0, 32, 27, 29, 41, 43, 11, 21, 0, 12, 6, 28, 3, 44, 24, 0 ],
    "cost" : 1178.0
  },
  "start" : "13-05-2018 20:17:18",
  "end" : "13-05-2018 20:18:07",
  "elapsed-time" : 49.492411546,
  "dev" : 2.7923211169284468
}