{
  "instance" : "A-n44-k6",
  "optimum" : 937.0,
  "parameters" : {
    "max-iter" : 100,
    "num-elite-ants" : 6,
    "beta" : 2,
    "pertubation-ratio" : 0.7,
    "lambda" : 0.95,
    "initial-temperature" : 5.0,
    "sa-max-tries" : 250,
    "initial-trail" : 0.5,
    "max-best-so-far-not-improved" : 5,
    "num-ants" : 44,
    "max-runtime" : 600,
    "max-best-unchanged" : 44,
    "evaporation-rate" : 0.9,
    "tabu-size" : 3,
    "alpha" : 1
  },
  "solution" : {
    "tour" : [ 0, 8, 15, 28, 27, 24, 33, 19, 0, 41, 14, 38, 9, 29, 40, 23, 30, 0, 2, 36, 22, 25, 6, 0, 13, 43, 1, 35, 18, 20, 16, 0, 7, 5, 21, 32, 42, 37, 11, 10, 26, 0, 17, 3, 12, 39, 34, 4, 31, 0 ],
    "cost" : 979.0
  },
  "start" : "13-05-2018 19:33:21",
  "end" : "13-05-2018 19:34:07",
  "elapsed-time" : 45.910795628,
  "dev" : 4.482390608324439
}