{
  "instance" : "A-n46-k7",
  "optimum" : 914.0,
  "parameters" : {
    "max-iter" : 100,
    "num-elite-ants" : 6,
    "beta" : 2,
    "pertubation-ratio" : 0.7,
    "lambda" : 0.95,
    "initial-temperature" : 5.0,
    "sa-max-tries" : 250,
    "initial-trail" : 0.5,
    "max-best-so-far-not-improved" : 5,
    "num-ants" : 46,
    "max-runtime" : 600,
    "max-best-unchanged" : 46,
    "evaporation-rate" : 0.9,
    "tabu-size" : 3,
    "alpha" : 1
  },
  "solution" : {
    "tour" : [ 0, 19, 15, 1, 40, 34, 27, 20, 0, 11, 8, 33, 24, 16, 42, 12, 0, 9, 17, 21, 29, 31, 41, 28, 0, 32, 3, 10, 44, 25, 18, 35, 0, 45, 6, 13, 26, 43, 14, 23, 0, 5, 39, 7, 22, 36, 0, 37, 2, 30, 4, 38, 0 ],
    "cost" : 967.0
  },
  "start" : "13-05-2018 20:18:33",
  "end" : "13-05-2018 20:19:24",
  "elapsed-time" : 50.956049011,
  "dev" : 5.798687089715536
}