{
  "instance" : "A-n53-k7",
  "optimum" : 1010.0,
  "parameters" : {
    "max-iter" : 100,
    "num-elite-ants" : 6,
    "beta" : 2,
    "pertubation-ratio" : 0.7,
    "lambda" : 0.95,
    "initial-temperature" : 5.0,
    "sa-max-tries" : 250,
    "initial-trail" : 0.5,
    "max-best-so-far-not-improved" : 5,
    "num-ants" : 53,
    "max-runtime" : 600,
    "max-best-unchanged" : 53,
    "evaporation-rate" : 0.9,
    "tabu-size" : 3,
    "alpha" : 1
  },
  "solution" : {
    "tour" : [ 0, 51, 27, 35, 8, 46, 1, 0, 31, 38, 18, 40, 26, 10, 0, 20, 6, 33, 3, 5, 39, 0, 25, 21, 34, 52, 13, 14, 0, 44, 29, 49, 36, 50, 43, 23, 19, 15, 32, 16, 45, 22, 28, 4, 0, 7, 12, 48, 42, 2, 37, 30, 0, 47, 9, 17, 41, 24, 11, 0 ],
    "cost" : 1028.0
  },
  "start" : "13-05-2018 20:30:08",
  "end" : "13-05-2018 20:31:06",
  "elapsed-time" : 58.197468418,
  "dev" : 1.782178217821782
}