{
  "instance" : "A-n54-k7",
  "optimum" : 1167.0,
  "parameters" : {
    "max-iter" : 100,
    "num-elite-ants" : 6,
    "beta" : 2,
    "pertubation-ratio" : 0.7,
    "lambda" : 0.95,
    "initial-temperature" : 5.0,
    "sa-max-tries" : 250,
    "initial-trail" : 0.5,
    "max-best-so-far-not-improved" : 5,
    "num-ants" : 54,
    "max-runtime" : 600,
    "max-best-unchanged" : 54,
    "evaporation-rate" : 0.9,
    "tabu-size" : 3,
    "alpha" : 1
  },
  "solution" : {
    "tour" : [ 0, 4, 28, 18, 5, 7, 50, 39, 49, 20, 23, 0, 19, 8, 31, 40, 48, 37, 12, 0, 52, 34, 46, 51, 42, 24, 2, 27, 14, 32, 0, 43, 16, 41, 47, 25, 30, 0, 38, 9, 33, 21, 45, 1, 0, 13, 22, 3, 53, 44, 0, 6, 11, 17, 26, 36, 29, 10, 15, 35, 0 ],
    "cost" : 1212.0
  },
  "start" : "13-05-2018 19:35:14",
  "end" : "13-05-2018 19:36:15",
  "elapsed-time" : 61.006910825,
  "dev" : 3.8560411311053984
}