{
  "instance" : "A-n63-k10",
  "optimum" : 1314.0,
  "parameters" : {
    "max-iter" : 100,
    "num-elite-ants" : 6,
    "beta" : 2,
    "pertubation-ratio" : 0.7,
    "lambda" : 0.95,
    "initial-temperature" : 5.0,
    "sa-max-tries" : 252,
    "initial-trail" : 0.5,
    "max-best-so-far-not-improved" : 5,
    "num-ants" : 63,
    "max-runtime" : 600,
    "max-best-unchanged" : 63,
    "evaporation-rate" : 0.9,
    "tabu-size" : 3,
    "alpha" : 1
  },
  "solution" : {
    "tour" : [ 0, 59, 10, 19, 42, 3, 5, 40, 56, 0, 49, 1, 41, 2, 12, 9, 39, 45, 18, 0, 52, 43, 36, 48, 0, 50, 44, 47, 11, 34, 32, 57, 28, 20, 0, 24, 46, 23, 21, 7, 0, 30, 38, 4, 26, 13, 0, 54, 16, 14, 53, 15, 25, 0, 62, 51, 22, 58, 31, 17, 0, 29, 8, 27, 6, 35, 37, 0, 61, 60, 33, 55, 0 ],
    "cost" : 1348.0
  },
  "start" : "13-05-2018 20:13:07",
  "end" : "13-05-2018 20:14:16",
  "elapsed-time" : 68.17467738,
  "dev" : 2.5875190258751903
}