{
  "instance" : "A-n61-k9",
  "optimum" : 1034.0,
  "parameters" : {
    "max-iter" : 100,
    "num-elite-ants" : 6,
    "beta" : 2,
    "pertubation-ratio" : 0.7,
    "lambda" : 0.95,
    "initial-temperature" : 5.0,
    "sa-max-tries" : 250,
    "initial-trail" : 0.5,
    "max-best-so-far-not-improved" : 5,
    "num-ants" : 61,
    "max-runtime" : 600,
    "max-best-unchanged" : 61,
    "evaporation-rate" : 0.9,
    "tabu-size" : 3,
    "alpha" : 1
  },
  "solution" : {
    "tour" : [ 0, 19, 7, 23, 14, 0, 39, 28, 60, 11, 1, 44, 0, 3, 38, 15, 0, 24, 8, 53, 41, 6, 20, 0, 47, 56, 27, 21, 36, 29, 25, 58, 0, 49, 2, 46, 54, 5, 40, 0, 55, 33, 42, 30, 37, 45, 59, 10, 0, 50, 12, 22, 4, 26, 32, 43, 0, 31, 52, 57, 17, 13, 0, 9, 34, 16, 48, 18, 35, 51, 0 ],
    "cost" : 1069.0
  },
  "start" : "13-05-2018 20:16:03",
  "end" : "13-05-2018 20:17:18",
  "elapsed-time" : 74.298912632,
  "dev" : 3.3849129593810443
}