{
  "instance" : "A-n65-k9",
  "optimum" : 1174.0,
  "parameters" : {
    "max-iter" : 100,
    "num-elite-ants" : 6,
    "beta" : 2,
    "pertubation-ratio" : 0.7,
    "lambda" : 0.95,
    "initial-temperature" : 5.0,
    "sa-max-tries" : 260,
    "initial-trail" : 0.5,
    "max-best-so-far-not-improved" : 5,
    "num-ants" : 65,
    "max-runtime" : 600,
    "max-best-unchanged" : 65,
    "evaporation-rate" : 0.9,
    "tabu-size" : 3,
    "alpha" : 1
  },
  "solution" : {
    "tour" : [ 0, 27, 3, 14, 9, 22, 15, 0, 43, 34, 31, 26, 47, 0, 4, 36, 35, 37, 30, 60, 0, 29, 55, 21, 25, 53, 0, 39, 7, 11, 63, 54, 48, 57, 23, 0, 62, 28, 33, 1, 12, 13, 0, 18, 19, 24, 52, 8, 10, 56, 0, 44, 59, 40, 58, 20, 32, 0, 5, 45, 61, 42, 38, 2, 41, 16, 50, 49, 0, 51, 46, 6, 64, 17, 0 ],
    "cost" : 1249.0
  },
  "start" : "13-05-2018 20:19:24",
  "end" : "13-05-2018 20:20:46",
  "elapsed-time" : 82.449671906,
  "dev" : 6.388415672913117
}