{
  "instance" : "A-n80-k10",
  "optimum" : 1763.0,
  "parameters" : {
    "max-iter" : 100,
    "num-elite-ants" : 6,
    "beta" : 2,
    "pertubation-ratio" : 0.7,
    "lambda" : 0.95,
    "initial-temperature" : 5.0,
    "sa-max-tries" : 320,
    "initial-trail" : 0.5,
    "max-best-so-far-not-improved" : 5,
    "num-ants" : 80,
    "max-runtime" : 600,
    "max-best-unchanged" : 80,
    "evaporation-rate" : 0.9,
    "tabu-size" : 3,
    "alpha" : 1
  },
  "solution" : {
    "tour" : [ 0, 1, 7, 21, 40, 0, 49, 73, 42, 51, 3, 13, 0, 28, 79, 2, 37, 34, 62, 0, 24, 6, 59, 27, 5, 29, 74, 0, 12, 44, 30, 78, 61, 16, 43, 68, 8, 23, 0, 36, 66, 67, 70, 76, 50, 72, 54, 9, 55, 33, 0, 77, 46, 25, 41, 47, 19, 26, 35, 65, 69, 56, 15, 64, 53, 0, 45, 22, 4, 32, 58, 38, 0, 63, 11, 52, 18, 48, 14, 71, 10, 0, 17, 75, 57, 20, 31, 60, 39, 0 ],
    "cost" : 1871.0
  },
  "start" : "13-05-2018 20:03:24",
  "end" : "13-05-2018 20:05:23",
  "elapsed-time" : 119.797579503,
  "dev" : 6.125921724333523
}