{
  "instance" : "B-n44-k7",
  "optimum" : 909.0,
  "parameters" : {
    "max-iter" : 100,
    "num-elite-ants" : 6,
    "beta" : 2,
    "pertubation-ratio" : 0.7,
    "lambda" : 0.95,
    "initial-temperature" : 5.0,
    "sa-max-tries" : 250,
    "initial-trail" : 0.5,
    "max-best-so-far-not-improved" : 5,
    "num-ants" : 44,
    "max-runtime" : 600,
    "max-best-unchanged" : 44,
    "evaporation-rate" : 0.9,
    "tabu-size" : 3,
    "alpha" : 1
  },
  "solution" : {
    "tour" : [ 0, 7, 16, 17, 5, 0, 4, 8, 42, 30, 22, 38, 32, 0, 13, 11, 23, 10, 0, 25, 28, 3, 12, 1, 40, 0, 15, 33, 43, 31, 27, 35, 20, 0, 6, 21, 34, 37, 41, 29, 0, 18, 19, 9, 26, 24, 39, 14, 36, 2, 0 ],
    "cost" : 924.0
  },
  "start" : "13-05-2018 20:20:49",
  "end" : "13-05-2018 20:21:31",
  "elapsed-time" : 42.191891846,
  "dev" : 1.65016501650165
}