{
  "instance" : "B-n41-k6",
  "optimum" : 829.0,
  "parameters" : {
    "max-iter" : 100,
    "num-elite-ants" : 6,
    "beta" : 2,
    "pertubation-ratio" : 0.7,
    "lambda" : 0.95,
    "initial-temperature" : 5.0,
    "sa-max-tries" : 250,
    "initial-trail" : 0.5,
    "max-best-so-far-not-improved" : 5,
    "num-ants" : 41,
    "max-runtime" : 600,
    "max-best-unchanged" : 41,
    "evaporation-rate" : 0.9,
    "tabu-size" : 3,
    "alpha" : 1
  },
  "solution" : {
    "tour" : [ 0, 9, 37, 21, 18, 3, 2, 35, 24, 0, 29, 32, 12, 36, 8, 0, 13, 30, 22, 31, 15, 5, 26, 0, 7, 16, 20, 40, 10, 23, 0, 1, 14, 17, 28, 11, 34, 33, 6, 0, 4, 39, 38, 27, 19, 25, 0 ],
    "cost" : 841.0
  },
  "start" : "13-05-2018 19:53:03",
  "end" : "13-05-2018 19:53:49",
  "elapsed-time" : 45.520760314,
  "dev" : 1.4475271411338964
}