{
  "instance" : "B-n45-k6",
  "optimum" : 678.0,
  "parameters" : {
    "max-iter" : 100,
    "num-elite-ants" : 6,
    "beta" : 2,
    "pertubation-ratio" : 0.7,
    "lambda" : 0.95,
    "initial-temperature" : 5.0,
    "sa-max-tries" : 250,
    "initial-trail" : 0.5,
    "max-best-so-far-not-improved" : 5,
    "num-ants" : 45,
    "max-runtime" : 600,
    "max-best-unchanged" : 45,
    "evaporation-rate" : 0.9,
    "tabu-size" : 3,
    "alpha" : 1
  },
  "solution" : {
    "tour" : [ 0, 39, 27, 22, 8, 28, 19, 37, 23, 32, 12, 0, 5, 1, 30, 16, 0, 13, 25, 26, 42, 43, 0, 2, 36, 10, 11, 6, 34, 18, 7, 29, 0, 20, 15, 3, 9, 40, 44, 4, 0, 33, 21, 31, 41, 38, 35, 0, 24, 14, 17, 0 ],
    "cost" : 729.0
  },
  "start" : "13-05-2018 19:31:50",
  "end" : "13-05-2018 19:32:43",
  "elapsed-time" : 52.99591967,
  "dev" : 7.52212389380531
}