{
  "instance" : "B-n50-k8",
  "optimum" : 1312.0,
  "parameters" : {
    "max-iter" : 100,
    "num-elite-ants" : 6,
    "beta" : 2,
    "pertubation-ratio" : 0.7,
    "lambda" : 0.95,
    "initial-temperature" : 5.0,
    "sa-max-tries" : 250,
    "initial-trail" : 0.5,
    "max-best-so-far-not-improved" : 5,
    "num-ants" : 50,
    "max-runtime" : 600,
    "max-best-unchanged" : 50,
    "evaporation-rate" : 0.9,
    "tabu-size" : 3,
    "alpha" : 1
  },
  "solution" : {
    "tour" : [ 0, 27, 37, 9, 49, 36, 20, 31, 0, 34, 48, 7, 40, 2, 0, 44, 6, 30, 14, 46, 38, 22, 13, 0, 15, 8, 17, 42, 21, 10, 0, 3, 23, 41, 45, 39, 35, 0, 25, 4, 18, 26, 47, 16, 0, 32, 19, 29, 28, 1, 0, 5, 24, 11, 43, 33, 12, 0 ],
    "cost" : 1322.0
  },
  "start" : "13-05-2018 20:29:11",
  "end" : "13-05-2018 20:30:08",
  "elapsed-time" : 57.220788317,
  "dev" : 0.7621951219512195
}