{
  "instance" : "B-n68-k9",
  "optimum" : 1272.0,
  "parameters" : {
    "max-iter" : 100,
    "num-elite-ants" : 6,
    "beta" : 2,
    "pertubation-ratio" : 0.7,
    "lambda" : 0.95,
    "initial-temperature" : 5.0,
    "sa-max-tries" : 272,
    "initial-trail" : 0.5,
    "max-best-so-far-not-improved" : 5,
    "num-ants" : 68,
    "max-runtime" : 600,
    "max-best-unchanged" : 68,
    "evaporation-rate" : 0.9,
    "tabu-size" : 3,
    "alpha" : 1
  },
  "solution" : {
    "tour" : [ 0, 31, 64, 35, 60, 4, 56, 15, 0, 47, 7, 43, 66, 65, 27, 0, 9, 48, 16, 30, 21, 54, 14, 62, 5, 13, 0, 17, 12, 45, 34, 44, 59, 46, 0, 33, 20, 52, 26, 61, 51, 57, 1, 0, 49, 22, 2, 8, 37, 41, 0, 67, 32, 6, 28, 18, 24, 10, 58, 36, 42, 0, 19, 50, 40, 39, 11, 3, 29, 0, 63, 25, 23, 55, 53, 38, 0 ],
    "cost" : 1303.0
  },
  "start" : "13-05-2018 19:37:18",
  "end" : "13-05-2018 19:38:44",
  "elapsed-time" : 86.10088369,
  "dev" : 2.4371069182389937
}