{
  "instance" : "B-n78-k10",
  "optimum" : 1221.0,
  "parameters" : {
    "max-iter" : 100,
    "num-elite-ants" : 6,
    "beta" : 2,
    "pertubation-ratio" : 0.7,
    "lambda" : 0.95,
    "initial-temperature" : 5.0,
    "sa-max-tries" : 312,
    "initial-trail" : 0.5,
    "max-best-so-far-not-improved" : 5,
    "num-ants" : 78,
    "max-runtime" : 600,
    "max-best-unchanged" : 78,
    "evaporation-rate" : 0.9,
    "tabu-size" : 3,
    "alpha" : 1
  },
  "solution" : {
    "tour" : [ 0, 42, 16, 66, 60, 63, 27, 2, 0, 25, 18, 9, 19, 28, 74, 62, 0, 6, 4, 48, 39, 50, 0, 49, 30, 37, 70, 29, 5, 0, 51, 15, 22, 71, 8, 56, 38, 58, 72, 0, 47, 32, 76, 31, 45, 46, 34, 12, 0, 65, 75, 3, 54, 20, 73, 7, 57, 0, 1, 52, 24, 21, 43, 67, 69, 17, 0, 10, 68, 41, 14, 36, 59, 35, 55, 33, 13, 61, 0, 53, 40, 64, 11, 26, 44, 23, 77, 0 ],
    "cost" : 1295.0
  },
  "start" : "13-05-2018 19:38:44",
  "end" : "13-05-2018 19:40:39",
  "elapsed-time" : 114.241236962,
  "dev" : 6.0606060606060606
}