{
  "instance" : "CMT13",
  "optimum" : 1541.14,
  "parameters" : {
    "max-iter" : 100,
    "num-elite-ants" : 6,
    "beta" : 2,
    "pertubation-ratio" : 0.7,
    "lambda" : 0.95,
    "initial-temperature" : 5.0,
    "sa-max-tries" : 484,
    "initial-trail" : 0.5,
    "max-best-so-far-not-improved" : 5,
    "num-ants" : 121,
    "max-runtime" : 600,
    "max-best-unchanged" : 121,
    "evaporation-rate" : 0.9,
    "tabu-size" : 3,
    "alpha" : 1
  },
  "solution" : {
    "tour" : [ 0, 82, 111, 86, 89, 92, 91, 90, 18, 118, 114, 109, 115, 110, 97, 94, 96, 93, 95, 0, 120, 119, 81, 117, 113, 83, 84, 112, 85, 87, 102, 101, 99, 100, 116, 103, 107, 106, 105, 0, 88, 2, 1, 3, 5, 4, 10, 11, 15, 14, 13, 12, 8, 9, 7, 6, 0, 104, 52, 54, 57, 59, 65, 61, 62, 64, 66, 63, 60, 56, 58, 55, 53, 0, 98, 68, 77, 79, 80, 78, 72, 75, 74, 76, 73, 71, 70, 69, 67, 0, 108, 17, 16, 19, 25, 22, 24, 27, 30, 33, 34, 36, 29, 32, 35, 31, 28, 23, 26, 20, 21, 0, 40, 43, 45, 48, 51, 50, 47, 49, 46, 44, 41, 42, 39, 38, 37, 0 ],
    "cost" : 1050.0
  },
  "start" : "13-05-2018 20:23:36",
  "end" : "13-05-2018 20:28:04",
  "elapsed-time" : 267.595676628,
  "dev" : -31.868616738258698
}