{
  "instance" : "E-n101-k14",
  "optimum" : 1071.0,
  "parameters" : {
    "max-iter" : 100,
    "num-elite-ants" : 6,
    "beta" : 2,
    "pertubation-ratio" : 0.7,
    "lambda" : 0.95,
    "initial-temperature" : 5.0,
    "sa-max-tries" : 404,
    "initial-trail" : 0.5,
    "max-best-so-far-not-improved" : 5,
    "num-ants" : 101,
    "max-runtime" : 600,
    "max-best-unchanged" : 101,
    "evaporation-rate" : 0.9,
    "tabu-size" : 3,
    "alpha" : 1
  },
  "solution" : {
    "tour" : [ 0, 94, 95, 97, 87, 13, 0, 21, 73, 72, 74, 56, 39, 4, 0, 28, 76, 77, 3, 79, 29, 24, 54, 0, 50, 78, 34, 81, 33, 1, 27, 0, 69, 30, 32, 90, 63, 10, 31, 0, 52, 7, 19, 49, 64, 11, 62, 88, 0, 6, 96, 59, 85, 98, 0, 58, 2, 57, 15, 43, 38, 44, 14, 42, 0, 99, 61, 16, 86, 91, 100, 37, 92, 0, 51, 9, 35, 71, 65, 66, 20, 70, 0, 93, 5, 84, 17, 45, 83, 60, 89, 0, 68, 80, 12, 26, 53, 0, 40, 41, 22, 75, 23, 67, 25, 55, 0, 18, 82, 48, 47, 36, 46, 8, 0 ],
    "cost" : 1109.0
  },
  "start" : "13-05-2018 20:34:54",
  "end" : "13-05-2018 20:38:13",
  "elapsed-time" : 198.373572521,
  "dev" : 3.5480859010270773
}