{
  "instance" : "E-n101-k8",
  "optimum" : 817.0,
  "parameters" : {
    "max-iter" : 100,
    "num-elite-ants" : 6,
    "beta" : 2,
    "pertubation-ratio" : 0.7,
    "lambda" : 0.95,
    "initial-temperature" : 5.0,
    "sa-max-tries" : 404,
    "initial-trail" : 0.5,
    "max-best-so-far-not-improved" : 5,
    "num-ants" : 101,
    "max-runtime" : 600,
    "max-best-unchanged" : 101,
    "evaporation-rate" : 0.9,
    "tabu-size" : 3,
    "alpha" : 1
  },
  "solution" : {
    "tour" : [ 0, 6, 96, 99, 59, 93, 85, 98, 37, 97, 95, 94, 0, 52, 18, 7, 82, 48, 19, 11, 10, 31, 0, 12, 80, 68, 29, 24, 54, 4, 72, 73, 21, 40, 53, 0, 88, 62, 63, 90, 32, 20, 66, 65, 71, 35, 9, 51, 30, 70, 69, 0, 13, 87, 57, 15, 43, 42, 14, 38, 44, 61, 84, 5, 60, 89, 0, 27, 1, 50, 33, 81, 34, 78, 79, 3, 77, 76, 28, 0, 58, 2, 41, 22, 74, 75, 56, 23, 67, 39, 25, 55, 26, 0, 83, 8, 47, 64, 49, 36, 46, 45, 17, 86, 16, 91, 100, 92, 0 ],
    "cost" : 864.0
  },
  "start" : "13-05-2018 19:56:53",
  "end" : "13-05-2018 19:59:59",
  "elapsed-time" : 186.660678994,
  "dev" : 5.752753977968176
}