{
  "instance" : "E-n51-k5",
  "optimum" : 521.0,
  "parameters" : {
    "max-iter" : 100,
    "num-elite-ants" : 6,
    "beta" : 2,
    "pertubation-ratio" : 0.7,
    "lambda" : 0.95,
    "initial-temperature" : 5.0,
    "sa-max-tries" : 250,
    "initial-trail" : 0.5,
    "max-best-so-far-not-improved" : 5,
    "num-ants" : 51,
    "max-runtime" : 600,
    "max-best-unchanged" : 51,
    "evaporation-rate" : 0.9,
    "tabu-size" : 3,
    "alpha" : 1
  },
  "solution" : {
    "tour" : [ 0, 12, 49, 30, 34, 50, 9, 38, 11, 46, 0, 17, 19, 40, 41, 13, 25, 14, 18, 0, 47, 4, 42, 44, 37, 15, 45, 33, 39, 10, 5, 0, 32, 16, 21, 29, 20, 35, 36, 3, 28, 31, 1, 27, 0, 2, 22, 8, 26, 7, 43, 24, 23, 48, 6, 0 ],
    "cost" : 562.0
  },
  "start" : "13-05-2018 20:06:54",
  "end" : "13-05-2018 20:07:42",
  "elapsed-time" : 47.97163934,
  "dev" : 7.869481765834934
}